1.01021 
1.01021 
1.01021 
1.01021 
1.01021 
1.01054 
1.01054 
1.01054 
1.01088 
1.01088 
1.01088 
1.01122 
1.01158 
1.01158 
1.01195 
1.01233 
1.01233 
1.01272 
1.01312 
1.01353 
1.01396 
1.0144 
1.01486 
1.01533 
1.01581 
1.01682 
1.01734 
1.01789 
1.01845 
1.01961 
1.02022 
1.0215 
1.02216 
1.02355 
1.02502 
1.02579 
1.02739 
1.02908 
1.03087 
1.03275 
1.03374 
1.03578 
1.03794 
1.04139 
1.04384 
1.04642 
1.04913 
1.05198 
1.05651 
1.05971 
1.06306 
1.06838 
1.07212 
1.07803 
1.08218 
1.08871 
1.09327 
1.10043 
1.10796 
1.11587 
1.12134 
1.12984 
1.13868 
1.14784 
1.15729 
1.16702 
1.177 
1.18718 
1.19754 
1.20803 
1.22216 
1.23282 
1.24348 
1.25409 
1.26812 
1.2785 
1.29207 
1.30201 
1.31489 
1.32425 
1.33627 
1.34493 
1.35597 
1.36642 
1.37387 
1.38327 
1.39207 
1.40029 
1.40608 
1.41331 
1.42001 
1.42621 
1.43193 
1.43721 
1.44206 
1.44651 
1.45061 
1.45436 
1.45781 
1.46171 
1.46454 
1.46713 
1.4695 
1.47219 
1.47414 
1.47592 
1.47794 
1.47941 
1.48076 
1.48228 
1.48339 
1.48465 
1.48557 
1.48661 
1.48737 
1.48824 
1.48887 
1.48959 
1.49024 
1.49071 
1.49125 
1.49165 
1.4921 
1.49252 
1.49289 
1.49316 
1.49347 
1.49375 
1.49401 
1.4942 
1.49441 
1.4946 
1.49477 
1.49493 
1.49506 
1.49516 
1.49527 
1.49537 
1.49546 
1.49553 
1.49559 
1.49564 
1.49568 
1.4957 
1.49572 
1.49573 
1.49573 
1.49572 
1.49569 
1.49566 
1.49562 
1.49557 
1.49551 
1.49544 
1.49536 
1.49526 
1.49515 
1.49504 
1.4949 
1.49476 
1.4946 
1.49442 
1.49423 
1.49402 
1.49378 
1.49353 
1.49326 
1.49296 
1.49271 
1.49236 
1.49199 
1.49158 
1.49114 
1.49067 
1.49015 
1.48959 
1.48898 
1.48832 
1.4876 
1.48682 
1.48598 
1.48525 
1.48427 
1.48321 
1.48206 
1.48081 
1.47945 
1.47828 
1.4767 
1.475 
1.47314 
1.47155 
1.46941 
1.46708 
1.46509 
1.46241 
1.45951 
1.45702 
1.45368 
1.45008 
1.44699 
1.44287 
1.43935 
1.43465 
1.43065 
1.42532 
1.4208 
1.41603 
1.40971 
1.40437 
1.39877 
1.3914 
1.38521 
1.37875 
1.37202 
1.36325 
1.35595 
1.34841 
1.34063 
1.33263 
1.32442 
1.31602 
1.30744 
1.29871 
1.28984 
1.28087 
1.27181 
1.26269 
1.25353 
1.24665 
1.2375 
1.22838 
1.21933 
1.21259 
1.2037 
1.19712 
1.18847 
1.18209 
1.17374 
1.16761 
1.15962 
1.15377 
1.14804 
1.14062 
1.13522 
1.12996 
1.12484 
1.11986 
1.11346 
1.10883 
1.10435 
1.10002 
1.09721 
1.09312 
1.08917 
1.08536 
1.08169 
1.07816 
1.07588 
1.07258 
1.07044 
1.06735 
1.06438 
1.06247 
1.06061 
1.05792 
1.05618 
1.0545 
1.05206 
1.0505 
1.04898 
1.0475 
1.04607 
1.04468 
1.04333 
1.04202 
1.04075 
1.03952 
1.03833 
1.03774 
1.0366 
1.03549 
1.03495 
1.0339 
1.03338 
1.03237 
1.03188 
1.03092 
1.03045 
1.02999 
1.02953 
1.02864 
1.02821 
1.02778 
1.02736 
1.02694 
1.02654 
1.02614 
1.02614 
1.02574 
1.02535 
1.02497 
1.02497 
1.02459 
1.02459 
1.02422 
1.02422 
1.02386 
1.02386 
1.02386 
1.0235 
1.0235 
1.0235 
1.0235 
1.0235 
