36527.1 
36410.1 
36289.1 
36164.3 
36035.5 
35902.5 
35765.4 
35623.8 
35477.9 
35327.5 
35172.4 
35012.6 
34848 
34678.4 
34503.9 
34324.2 
34139.4 
33949.3 
33753.8 
33552.9 
33346.5 
33134.5 
32916.9 
32693.6 
32464.6 
32229.8 
31989.1 
31742.7 
31490.3 
31232.1 
30968 
30698.1 
30422.3 
30140.7 
29853.3 
29560.2 
29261.5 
28957.2 
28647.4 
28332.2 
28011.7 
27686.1 
27355.5 
27020 
26679.9 
26335.2 
25986.3 
25633.2 
25276.2 
24915.6 
24551.5 
24184.2 
23814 
23441.2 
23065.9 
22688.6 
22309.4 
21928.7 
21546.8 
21164 
20780.6 
20396.8 
20013.1 
19629.7 
19246.9 
18865 
18484.4 
18105.3 
17728.1 
17352.9 
16980.1 
16610.1 
16242.9 
15878.9 
15518.4 
15161.5 
14808.5 
14459.7 
14115.1 
13775 
13439.6 
13109 
12783.5 
12463 
12147.8 
11837.9 
11533.5 
11234.7 
10941.5 
10653.9 
10372.1 
10096.1 
9825.87 
9561.48 
9302.91 
9050.18 
8803.26 
8562.15 
8326.81 
8097.21 
7873.31 
7655.05 
7442.38 
7235.24 
7033.56 
6837.27 
6646.3 
6460.56 
6279.97 
6104.44 
5933.88 
5768.21 
5607.32 
5451.13 
5299.53 
5152.42 
5009.71 
4871.3 
4737.08 
4606.96 
4480.84 
4358.62 
4240.2 
4125.48 
4014.37 
3906.77 
3802.58 
3701.71 
3604.07 
3509.57 
3418.13 
3329.64 
3244.03 
3161.21 
3081.1 
3003.62 
2928.7 
2856.25 
2786.2 
2718.47 
2653 
2589.72 
2528.56 
2469.45 
2412.33 
2357.13 
2303.81 
2252.29 
2202.53 
2154.47 
2108.05 
2063.23 
2019.94 
1978.16 
1937.82 
1898.89 
1861.32 
1825.07 
1790.09 
1756.35 
1723.82 
1692.45 
1662.2 
1633.06 
1604.97 
1577.91 
1551.86 
1526.78 
1502.64 
1479.42 
1457.08 
1435.62 
1414.99 
1395.19 
1376.18 
1357.94 
1340.47 
1323.73 
1307.71 
1292.38 
1277.75 
1263.78 
1250.46 
1237.78 
1225.73 
1214.29 
1203.45 
1193.19 
1183.52 
1174.41 
1165.85 
1157.85 
1150.38 
1143.45 
1137.04 
1131.15 
1125.77 
1120.9 
1116.53 
1112.66 
1109.28 
1106.39 
1103.99 
1102.08 
1100.65 
1099.71 
1099.25 
1099.27 
1099.78 
1100.77 
1102.26 
1104.23 
1106.69 
1109.66 
1113.12 
1117.09 
1121.57 
1126.57 
1132.09 
1138.14 
1144.73 
1151.87 
1159.57 
1167.83 
1176.68 
1186.11 
1196.14 
1206.79 
1218.07 
1229.99 
1242.57 
1255.82 
1269.77 
1284.43 
1299.82 
1315.96 
1332.88 
1350.58 
1369.11 
1388.48 
1408.72 
1429.85 
1451.91 
1474.93 
1498.93 
1523.95 
1550.02 
1577.18 
1605.47 
1634.92 
1665.59 
1697.5 
1730.7 
1765.25 
1801.18 
1838.56 
1877.42 
1917.84 
1959.86 
2003.55 
2048.96 
2096.17 
2145.23 
2196.23 
2249.23 
2304.31 
2361.56 
2421.04 
2482.85 
2547.07 
2613.81 
2683.14 
2755.18 
2830.03 
2907.78 
2988.56 
3072.47 
3159.64 
3250.17 
3344.21 
3441.88 
3543.31 
3648.64 
3758.01 
3871.57 
3989.46 
4111.84 
4238.86 
4370.69 
4507.48 
4649.4 
4796.62 
4949.31 
5107.65 
5271.8 
5441.96 
5618.28 
5800.97 
5990.18 
6186.11 
6388.92 
6598.79 
6815.9 
7040.41 
7272.48 
7512.28 
7759.95 
8015.64 
8279.49 
8551.61 
8832.12 
9121.13 
9418.71 
9724.95 
10039.9 
10363.6 
10696 
11037.2 
11387.1 
11745.7 
12112.9 
12488.6 
12872.7 
13265 
13665.3 
14073.4 
14489.1 
14912.1 
15342.1 
15778.8 
16221.7 
16670.5 
17124.8 
17584.2 
18048 
18515.9 
18987.3 
19461.7 
19938.5 
20417.1 
20897 
21377.6 
21858.1 
22338.1 
22816.9 
23294 
23768.6 
24240.3 
24708.4 
25172.4 
25631.7 
26085.8 
26534.2 
26976.5 
27412 
27840.6 
28261.7 
28675 
29080.1 
29476.8 
29864.8 
30243.9 
30613.8 
30974.5 
31325.7 
31667.4 
31999.4 
32321.9 
32634.6 
32937.8 
33231.3 
33515.2 
33789.7 
34054.8 
34310.6 
34557.3 
34795 
35024 
35244.3 
35456.1 
35659.7 
35855.2 
36042.9 
36223 
36395.7 
36561.1 
36719.6 
36871.3 
37016.6 
37155.5 
37288.3 
37415.2 
37536.5 
37652.4 
37763 
37868.6 
37969.3 
38065.4 
38157.1 
38244.5 
38327.8 
