0.0094723 
0.0228456 
0.0362216 
0.0495951 
0.0629608 
0.0763134 
0.0896476 
0.102958 
0.11624 
0.129487 
0.142696 
0.15586 
0.168974 
0.182034 
0.195034 
0.207971 
0.220838 
0.233632 
0.246347 
0.258979 
0.271525 
0.283979 
0.296338 
0.308598 
0.320754 
0.332804 
0.344743 
0.356568 
0.368276 
0.379864 
0.391329 
0.402668 
0.413879 
0.424958 
0.435905 
0.446716 
0.457389 
0.467923 
0.478317 
0.488568 
0.498675 
0.508637 
0.518453 
0.528122 
0.537644 
0.547017 
0.556242 
0.565317 
0.574243 
0.58302 
0.591647 
0.600126 
0.608455 
0.616636 
0.62467 
0.632555 
0.640295 
0.647888 
0.655337 
0.662642 
0.669804 
0.676825 
0.683705 
0.690446 
0.697049 
0.703516 
0.709848 
0.716047 
0.722114 
0.728051 
0.73386 
0.739542 
0.745098 
0.750532 
0.755844 
0.761036 
0.766111 
0.771069 
0.775914 
0.780646 
0.785267 
0.78978 
0.794187 
0.798488 
0.802687 
0.806785 
0.810783 
0.814684 
0.81849 
0.822202 
0.825822 
0.829352 
0.832794 
0.83615 
0.839421 
0.842608 
0.845715 
0.848742 
0.851691 
0.854564 
0.857363 
0.860088 
0.862742 
0.865326 
0.867842 
0.870291 
0.872675 
0.874994 
0.877251 
0.879447 
0.881583 
0.883661 
0.885681 
0.887646 
0.889556 
0.891413 
0.893218 
0.894971 
0.896675 
0.89833 
0.899937 
0.901497 
0.903012 
0.904483 
0.905909 
0.907293 
0.908636 
0.909937 
0.911199 
0.912421 
0.913606 
0.914752 
0.915863 
0.916937 
0.917976 
0.91898 
0.919951 
0.920888 
0.921793 
0.922666 
0.923507 
0.924318 
0.925099 
0.92585 
0.926572 
0.927265 
0.92793 
0.928567 
0.929177 
0.92976 
0.930316 
0.930846 
0.93135 
0.931829 
0.932282 
0.93271 
0.933114 
0.933493 
0.933848 
0.934179 
0.934486 
0.93477 
0.935029 
0.935266 
0.935479 
0.935669 
0.935836 
0.935979 
0.9361 
0.936198 
0.936272 
0.936324 
0.936352 
0.936357 
0.936339 
0.936297 
0.936232 
0.936142 
0.93603 
0.935892 
0.935731 
0.935545 
0.935334 
0.935098 
0.934837 
0.934549 
0.934236 
0.933896 
0.933529 
0.933134 
0.932711 
0.93226 
0.93178 
0.93127 
0.93073 
0.930159 
0.929556 
0.928921 
0.928253 
0.927551 
0.926815 
0.926043 
0.925235 
0.924389 
0.923505 
0.922582 
0.921618 
0.920613 
0.919565 
0.918473 
0.917335 
0.916151 
0.914919 
0.913638 
0.912306 
0.910921 
0.909482 
0.907988 
0.906435 
0.904824 
0.903151 
0.901415 
0.899614 
0.897746 
0.895808 
0.893798 
0.891714 
0.889554 
0.887314 
0.884993 
0.882588 
0.880095 
0.877513 
0.874838 
0.872066 
0.869196 
0.866223 
0.863145 
0.859957 
0.856657 
0.853241 
0.849704 
0.846044 
0.842256 
0.838336 
0.83428 
0.830084 
0.825743 
0.821254 
0.816611 
0.81181 
0.806846 
0.801715 
0.796412 
0.790931 
0.785269 
0.779419 
0.773378 
0.767139 
0.760697 
0.754049 
0.747188 
0.740109 
0.732807 
0.725278 
0.717515 
0.709515 
0.701273 
0.692783 
0.684041 
0.675042 
0.665783 
0.656259 
0.646466 
0.636401 
0.62606 
0.615439 
0.604537 
0.593351 
0.581879 
0.570118 
0.558068 
0.545728 
0.533097 
0.520176 
0.506965 
0.493465 
0.479679 
0.465608 
0.451256 
0.436625 
0.421721 
0.406548 
0.391112 
0.375418 
0.359474 
0.343288 
0.326866 
0.310219 
0.293355 
0.276286 
0.25902 
0.241571 
0.223949 
0.206168 
0.188239 
0.170177 
0.151995 
0.133707 
0.115328 
0.0968731 
0.0783568 
0.0597945 
0.0412016 
0.0225935 
0.00398571 
-0.0146063 
-0.0331671 
-0.0516816 
-0.0701346 
-0.0885113 
-0.106797 
-0.124978 
-0.14304 
-0.16097 
-0.178754 
-0.196381 
-0.213839 
-0.231115 
-0.248199 
-0.265081 
-0.281752 
-0.298202 
-0.314423 
-0.330408 
-0.346148 
-0.361639 
-0.376873 
-0.391847 
-0.406555 
-0.420993 
-0.435159 
-0.44905 
-0.462663 
-0.475996 
-0.48905 
-0.501823 
-0.514315 
-0.526527 
-0.538459 
-0.550113 
-0.561491 
-0.572593 
-0.583424 
-0.593984 
-0.604278 
-0.614308 
-0.624078 
-0.633591 
-0.642851 
-0.651863 
-0.66063 
-0.669156 
-0.677447 
-0.685506 
-0.693338 
-0.700947 
-0.708339 
-0.715519 
-0.72249 
-0.729257 
-0.735826 
-0.742201 
-0.748386 
-0.754387 
-0.760208 
-0.765854 
-0.771329 
-0.776637 
-0.781784 
-0.786773 
-0.791609 
-0.796296 
-0.800838 
-0.805239 
-0.809504 
-0.813635 
-0.817638 
-0.821514 
-0.825269 
-0.828906 
-0.832428 
-0.835839 
-0.839141 
-0.842339 
-0.845434 
-0.848431 
-0.851332 
-0.854139 
-0.856857 
-0.859486 
-0.862031 
-0.864493 
-0.866875 
-0.86918 
-0.871409 
-0.873565 
-0.875649 
-0.877665 
-0.879614 
-0.881498 
-0.883318 
-0.885078 
-0.886777 
-0.888419 
-0.890005 
-0.891535 
-0.893013 
-0.894439 
-0.895815 
-0.897142 
-0.898421 
-0.899653 
-0.900841 
-0.901985 
-0.903085 
-0.904144 
-0.905163 
-0.906141 
-0.907081 
-0.907983 
-0.908847 
-0.909676 
-0.91047 
-0.911228 
-0.911953 
-0.912645 
-0.913305 
-0.913933 
-0.914529 
-0.915095 
-0.915631 
-0.916138 
-0.916615 
-0.917064 
-0.917485 
-0.917878 
-0.918245 
-0.918584 
-0.918897 
-0.919183 
-0.919444 
-0.919679 
-0.919889 
-0.920074 
-0.920234 
-0.920369 
-0.92048 
-0.920566 
-0.920629 
-0.920667 
-0.920681 
-0.920672 
-0.920638 
-0.920581 
-0.9205 
-0.920396 
-0.920267 
-0.920115 
-0.919939 
-0.919739 
-0.919515 
-0.919268 
-0.918995 
-0.918699 
-0.918378 
-0.918032 
-0.917662 
-0.917266 
-0.916845 
-0.916398 
-0.915926 
-0.915427 
-0.914902 
-0.91435 
-0.913771 
-0.913164 
-0.91253 
-0.911867 
-0.911175 
-0.910455 
-0.909704 
-0.908924 
-0.908112 
-0.90727 
-0.906395 
-0.905489 
-0.904549 
-0.903576 
-0.902568 
-0.901526 
-0.900448 
-0.899333 
-0.898181 
-0.896992 
-0.895763 
-0.894495 
-0.893187 
-0.891837 
-0.890445 
-0.88901 
-0.88753 
-0.886005 
-0.884434 
-0.882816 
-0.881149 
-0.879432 
-0.877665 
-0.875845 
-0.873972 
-0.872045 
-0.870062 
-0.868021 
-0.865922 
-0.863763 
-0.861542 
-0.859259 
-0.85691 
-0.854496 
-0.852013 
-0.849461 
-0.846838 
-0.844142 
-0.841371 
-0.838524 
-0.835598 
-0.832592 
-0.829503 
-0.82633 
-0.823071 
-0.819723 
-0.816285 
-0.812754 
-0.809128 
-0.805405 
-0.801582 
-0.797658 
-0.793629 
-0.789493 
-0.785249 
-0.780893 
-0.776423 
-0.771837 
-0.767131 
-0.762304 
-0.757352 
-0.752273 
-0.747064 
-0.741723 
-0.736247 
-0.730634 
-0.724879 
-0.718982 
-0.712938 
-0.706746 
-0.700402 
-0.693903 
-0.687248 
-0.680434 
-0.673457 
-0.666315 
-0.659006 
-0.651527 
-0.643875 
-0.636049 
-0.628045 
-0.619861 
-0.611496 
-0.602947 
-0.594212 
-0.58529 
-0.576177 
-0.566874 
-0.557377 
-0.547687 
-0.537801 
-0.527719 
-0.517439 
-0.506961 
-0.496284 
-0.485408 
-0.474333 
-0.463059 
-0.451586 
-0.439915 
-0.428047 
-0.415982 
-0.403722 
-0.391269 
-0.378625 
-0.365791 
-0.352769 
-0.339564 
-0.326178 
-0.312613 
-0.298875 
-0.284966 
-0.270891 
-0.256655 
-0.242262 
-0.227718 
-0.213028 
-0.198197 
-0.183233 
-0.168141 
-0.152927 
-0.1376 
-0.122166 
-0.106631 
-0.0910053 
-0.075295 
-0.0595087 
-0.0436545 
-0.027741 
-0.0117767 
0.00422967 
0.0202693 
0.0363331 
0.0524122 
